[Running] python -u "d:\Projects\Personal\Working on It\AttendenceSystem\FaceAttendanceMurtuza\AttendanceProject.py"
['Abu_Bakar.jpg', 'Arsalan_Makki.jpg', 'Farhan_Ahmad.jpg', 'Mohammad_Taiyab.jpg', 'NoorUllah_Bhai.jpg', 'Raheel_Soudagar.jpg', 'Taiyab.jpg', 'Taiyab_Khan.JPG', 'Yasjudan_Islam.jpg']
['Abu_Bakar', 'Arsalan_Makki', 'Farhan_Ahmad', 'Mohammad_Taiyab', 'NoorUllah_Bhai', 'Raheel_Soudagar', 'Taiyab', 'Taiyab_Khan', 'Yasjudan_Islam']
Encoding Completed
[0.57879539 0.57218514 0.67568593 0.35043573 0.67580376 0.65611128
 0.27434234 0.32073605 0.59381034]
TAIYAB
[0.59388825 0.58649013 0.67376835 0.35642162 0.69571734 0.66178809
 0.30711516 0.34321272 0.60730312]
TAIYAB
[0.61367448 0.58572652 0.67934548 0.36196771 0.69701832 0.66367753
 0.33196024 0.33589651 0.62741251]
TAIYAB
[0.62231115 0.58849626 0.67775352 0.37333044 0.70790747 0.67272854
 0.30996519 0.32174709 0.63651622]
TAIYAB
[0.62395139 0.57982872 0.67846343 0.39008978 0.69338657 0.68216828
 0.30522882 0.34712752 0.63260751]
TAIYAB
[0.61483868 0.58327426 0.68330901 0.39397152 0.69540057 0.67916566
 0.31483329 0.34687644 0.62802801]
TAIYAB
[0.61678665 0.58823552 0.671269   0.37123701 0.69982548 0.66679278
 0.294845   0.31954168 0.63255713]
TAIYAB
[0.61079751 0.58101813 0.6837456  0.38292342 0.68841284 0.67346583
 0.31069081 0.33946532 0.62883575]
TAIYAB
[0.60211403 0.59398404 0.67247888 0.39435443 0.66989557 0.64895161
 0.27445065 0.34331154 0.6238825 ]
TAIYAB
[0.62947346 0.56662762 0.63768882 0.36443536 0.67213908 0.66523319
 0.32658924 0.3395845  0.64992161]
TAIYAB
[0.61457973 0.55590669 0.5943381  0.35711212 0.63148488 0.66837438
 0.30942402 0.32472531 0.57399505]
TAIYAB
[0.60971928 0.5488774  0.61108121 0.376431   0.64652083 0.68221835
 0.33560334 0.34433453 0.56918736]
TAIYAB
[0.59332149 0.54918106 0.607797   0.37492071 0.63795523 0.66832477
 0.30506038 0.37013537 0.63458919]
TAIYAB
[0.6125959  0.57101508 0.61503503 0.37264191 0.66448449 0.66130302
 0.29738412 0.34831166 0.58493779]
TAIYAB
[0.60789773 0.55771452 0.6137236  0.35416353 0.66369487 0.66767849
 0.28796951 0.32404027 0.58520283]
TAIYAB
[0.58275484 0.55451404 0.6068536  0.36000207 0.67329564 0.66886646
 0.28120116 0.334931   0.62244731]
TAIYAB
[0.59726763 0.53490816 0.61019189 0.35189839 0.66989991 0.70185833
 0.30256995 0.33699521 0.6199811 ]
TAIYAB
[0.61342935 0.54220571 0.61379533 0.40779636 0.64671054 0.69275479
 0.32797703 0.34547582 0.57176017]
TAIYAB
[0.60528534 0.54443554 0.61450922 0.34570308 0.67511405 0.67735194
 0.29202724 0.32960323 0.61996836]
TAIYAB
[0.61266673 0.55916783 0.62353558 0.37425047 0.67482691 0.68396136
 0.29971433 0.3209378  0.60861776]
TAIYAB
[0.57715541 0.5727286  0.63021593 0.37235954 0.68132795 0.65990202
 0.3197702  0.33944694 0.60119696]
TAIYAB
[0.63591477 0.57534049 0.65469122 0.39050557 0.63154114 0.66497996
 0.32186232 0.38752445 0.63642148]
TAIYAB